2
3
7
10
11
13
14
15
17
19
20
25
30
31
35
36
40
41
45
47
49
53
54
56
57
58
60
65
66
69
70
71
72
74
76
77
78
80
83
84
87
89
92
98
100
106
112
116
119
126
129
130
133
134
136
140
142
143
146
147
148
154
161
164
165
166
167
170
171
173
175
177
178
179
181
183
190
191
197
200
201
202
204
205
207
208
209
212
213
220
223
224
225
226
227
229
231
232
233
236
241
243
245
248
249
251
256
259
260
265
270
271
272
274
278
280
281
284
285
287
288
290
292
298
299
300
306
308
309
310
313
314
315
318
321
322
325
329
332
333
334
338
339
341
343
344
346
347
353
354
355
356
357
360
363
364
365
366
367
368
373
375
376
378
380
382
384
388
389
390
392
396
398
399
404
409
411
415
416
417
418
419
430
432
435
436
438
439
440
441
445
446
450
452
457
459
460
461
462
466
467
473
476
478
480
483
495
499
501
502
505
507
509
515
518
519
522
524
526
527
529
530
535
537
538
540
541
544
545
546
552
553
554
555
556
557
558
562
566
568
570
572
574
575
577
578
579
581
582
586
587
592
594
597
598
600
602
603
607
610
611
615
617
618
619
620
624
625
626
627
635
638
642
643
647
652
653
654
656
660
666
668
673
679
680
682
683
684
685
686
692
698
699
701
702
706
709
710
711
712
714
718
719
720
721
726
730
731
732
741
742
743
746
747
748
749
750
751
754
755
758
759
761
769
774
775
776
781
782
784
785
786
787
788
790
795
797
799
801
802
804
805
807
813
815
819
824
828
829
832
833
836
839
843
846
847
848
851
853
855
856
857
858
861
866
867
868
870
872
873
875
878
879
882
884
885
887
889
891
892
894
897
899
900
901
905
906
907
908
909
912
914
917
918
920
921
922
923
931
934
935
937
940
941
943
945
948
952
954
957
958
959
964
967
971
972
977
978
979
984
985
986
990
991
992
993
994
998
1001
1004
1005
1006
1008
1012
1014
1015
1016
1018
1019
1020
1022
1025
1027
1031
1032
1033
1036
1038
1040
1041
1045
1046
1050
1051
1052
1054
1055
1057
1058
1060
1066
1068
1069
1070
1074
1075
1077
1078
1082
1086
1087
1089
1090
1096
1097
1098
1101
1102
1108
1110
1111
1112
1113
1118
1119
1121
1122
1130
1131
1136
1138
1140
1141
1148
1151
1152
1153
1154
1157
1158
1160
1161
1165
1168
1169
1170
1173
1178
1182
1186
1187
1188
1190
1198
1199
1202
1204
1206
1211
1214
1218
1221
1222
1226
1227
1228
1229
1233
1236
1238
1239
1240
1241
1245
1249
1250
1253
1254
1257
1260
1261
1262
1263
1268
1269
1270
1273
1277
1281
1286
1288
1289
1290
1294
1296
1307
1311
1314
1319
1320
1323
1326
1328
1329
1330
1334
1336
1340
1341
1342
1343
1345
1346
1348
1351
1354
1355
1357
1358
1359
1360
1363
1364
1369
1370
1371
1375
1376
1378
1379
1380
1384
1387
1388
1389
1392
1395
1397
1399
1400
1402
1403
1405
1407
1409
1411
1412
1413
1418
1420
1424
1425
1426
1428
1429
1431
1433
1437
1439
1441
1443
1446
1447
1449
1450
1454
1456
1458
1459
1460
1464
1467
1469
1472
1477
1478
1481
1483
1484
1485
1486
1487
1488
1490
1496
1497
1498
1502
1504
1505
1506
1507
1510
1512
1513
1514
1515
1516
1517
1520
1521
1526
1531
1534
1538
1555
1556
1557
1558
1559
1560
1563
1565
1566
1567
1574
1576
1579
1584
1587
1590
1592
1594
1595
1596
1600
1602
1606
1609
1613
1615
1620
1622
1623
1626
1628
1629
1631
1632
1640
1649
1650
1654
1655
1656
1661
1666
1667
1671
1673
1675
1676
1677
1679
1680
1683
1689
1691
1692
1696
1698
1699
1701
1704
1705
1706
1708
1709
1710
1712
1713
1716
1719
1720
1721
1724
1726
1728
1731
1735
1739
1740
1744
1745
1746
1747
1748
1750
1752
1755
1757
1758
1759
1761
1763
1764
1765
1767
1769
1770
1772
1776
1778
1781
1782
1786
1789
1794
1795
1798
1800
1804
1807
1808
1811
1812
1814
1817
1818
1821
1822
1824
1829
1830
1831
1838
1840
1844
1846
1847
1848
1850
1868
1870
1874
1875
1881
1882
1884
1887
1889
1890
1892
1896
1900
1902
1904
1907
1910
1915
1916
1918
1920
1921
1923
1924
1925
1927
1929
1930
1931
1932
1933
1941
1942
1943
1945
1946
1950
1951
1953
1960
1962
1967
1970
1971
1972
1973
1975
1976
1978
1979
1980
1981
1984
1985
1987
1994
1995
1998
2000
2006
2008
2009
2014
2015
2016
2022
2023
2025
2026
2030
2031
2032
2035
2036
2038
2040
2041
2043
2044
2045
2047
2052
2056
2058
2061
2063
2064
2071
2074
2076
2077
2078
2079
2082
2084
2089
2090
2099
2101
2103
2106
2107
2109
2110
2114
2121
2122
2124
2129
2130
2133
2134
2139
2140
2141
2142
2144
2148
2150
2151
2153
2155
2159
2165
2167
2168
2169
2170
2171
2172
2180
2181
2183
2184
2186
2189
2194
2197
2200
2202
2203
2206
2208
2210
2214
2215
2216
2217
2218
2219
2220
2222
2225
2226
2232
2233
2235
2239
2240
2243
2244
2245
2246
2247
2251
2253
2256
2258
2260
2263
2266
2267
2270
2272
2273
2274
2275
2278
2279
2280
2285
2286
2287
2290
2291
2293
2297
2298
2299
2302
2303
2304
2305
2307
2310
2313
2315
2316
2320
2323
2324
2326
2329
2330
2331
2334
2336
2337
2338
2340
2341
2343
2345
2346
2348
2349
2351
2353
2355
2357
2359
2362
2366
2368
2372
2373
2375
2377
2378
2387
2390
2391
2392
2395
2396
2397
2401
2404
2405
2407
2409
2414
2415
2419
2421
2422
2423
2424
2425
2427
2428
2429
2432
2434
2437
2438
2439
2441
2445
2449
2450
2454
2460
2464
2466
2467
2469
2470
2474
2475
2477
2480
2483
2484
2488
2489
2491
2494
2496
2498
2506
2509
2511
2513
2515
2517
2519
2521
2524
2525
2529
2530
2533
2534
2540
2541
2543
2545
2547
2548
2549
2552
2554
2560
2563
2565
2571
2572
2574
2576
2578
2580
2581
2583
2585
2586
2591
2592
2594
2595
2596
2599
2601
2604
2606
2615
2618
2620
2621
2625
2626
2628
2630
2633
2635
2639
2640
2641
2644
2647
2652
2653
2659
2660
2662
2663
2664
2665
2667
2669
2670
2673
2674
2676
2677
2682
2685
2690
2694
2695
2697
2700
2701
2702
2703
2705
2707
2708
2711
2713
2716
2717
2718
2720
2722
2724
2732
2736
2738
2744
2745
2747
2749
2750
2757
2762
2763
2766
2768
2776
2778
2779
2780
2781
2782
2783
2784
2787
2790
2791
2794
2795
2798
2802
2807
2809
2812
2815
2816
2817
2818
2822
2825
2826
2828
2829
2833
2840
2841
2842
2846
2847
2851
2856
2858
2860
2862
2871
2875
2876
2878
2880
2883
2885
2889
2890
2892
2894
2897
2899
2901
2903
2904
2905
2906
2908
2911
2912
2914
2916
2917
2918
2922
2926
2929
2930
2932
2943
2944
2945
2949
2950
2951
2953
2954
2955
2963
2964
2966
2967
2969
2972
2975
2978
2985
2987
2988
2989
2992
2998
3001
3007
3008
3017
3019
3021
3023
3024
3027
3029
3030
3032
3034
3040
3045
3048
3055
3056
3060
3061
3062
3063
3064
3067
3076
3077
3078
3081
3082
3084
3086
3093
3097
3099
3100
3108
3109
3110
3115
3116
3118
3121
3124
3125
3131
3134
3136
3139
3141
3142
3146
3147
3148
3151
3154
3156
3158
3160
3163
3164
3169
3171
3173
3176
3178
3183
3185
3189
3190
3191
3194
3199
3203
3213
3217
3221
3222
3224
3225
3226
3227
3230
3236
3237
3239
3240
3241
3242
3244
3246
3247
3252
3253
3263
3264
3269
3270
3271
3273
3276
3283
3285
3287
3290
3291
3293
3298
3299
3300
3303
3304
3306
3310
3311
3313
3317
3319
3322
3323
3324
3325
3327
3328
3330
3333
3335
3340
3344
3346
3347
3350
3351
3359
3363
3364
3365
3366
3376
3377
3378
3380
3381
3388
3389
3390
3391
3392
3393
3394
3396
3401
3404
3405
3413
3420
3422
3424
3427
3428
3429
3434
3435
3437
3440
3441
3443
3444
3445
3446
3447
3450
3451
3453
3456
3458
3461
3462
3465
3466
3467
3469
3471
3472
3473
3474
3475
3477
3479
3486
3487
3489
3491
3494
3495
3496
3500
3504
3505
3509
3510
3515
3517
3518
3519
3521
3522
3528
3531
3532
3533
3534
3536
3538
3543
3545
3546
3549
3554
3555
3556
3561
3562
3563
3564
3565
3570
3572
3573
3575
3577
3583
3586
3587
3590
3592
3594
3602
3605
3607
3608
3610
3611
3613
3615
3616
3619
3623
3625
3629
3630
3636
3642
3645
3649
3653
3655
3656
3659
3660
3661
3663
3673
3680
3685
3687
3691
3692
3693
3694
3704
3707
3708
3711
3712
3713
3714
3716
3717
3718
3724
3726
3727
3728
3731
3732
3733
3734
3736
3744
3748
3754
3758
3759
3760
3762
3763
3764
3765
3766
3767
3769
3772
3774
3775
3779
3780
3783
3784
3792
3796
3797
3799
3803
3806
3807
3810
3812
3814
3815
3816
3819
3824
3827
3829
3830
3832
3834
3842
3845
3848
3851
3853
3854
3856
3858
3860
3861
3868
3872
3874
3878
3879
3884
3887
3889
3896
3897
3901
3902
3907
3909
3922
3923
3924
3925
3926
3928
3931
3932
3933
3935
3937
3939
3942
3943
3945
3948
3949
3951
3953
3959
3961
3962
3964
3965
3966
3968
3971
3973
3974
3975
3977
3978
3979
3981
3984
3985
3987
3988
3989
3991
3993
3995
3997
3998
3999
4000
4004
4008
4011
4012
4015
4016
4019
4020
4022
4023
4024
4028
4029
4030
4031
4040
4042
4044
4047
4048
4051
4056
4060
4061
4064
4065
4066
4068
4070
4071
4072
4078
4079
4080
4085
4089
4090
4093
4095
4096
4098
4099
4102
4103
4104
4111
4115
4120
4121
4122
4124
4128
4130
4132
4134
4137
4138
4143
4146
4150
4151
4154
4156
4157
4159
4160
4161
4163
4166
4172
4173
4175
4177
4180
4184
4185
4186
4188
4192
4199
4201
4202
4205
4208
4210
4211
4212
4213
4217
4219
4223
4224
4225
4229
4231
4236
4238
4239
4247
4248
4249
4250
4253
4256
4258
4261
4263
4266
4267
4269
4272
4274
4275
4277
4278
4279
4280
4282
4285
4287
4291
4292
4300
4301
4306
4309
4313
4314
4315
4316
4318
4320
4322
4329
4331
4338
4340
4342
4347
4348
4350
4352
4353
4355
4358
4359
4360
4367
4371
4377
4379
4380
4382
4384
4385
4387
4388
4390
4393
4406
4410
4411
4416
4420
4421
4422
4423
4424
4427
4430
4433
4437
4438
4439
4441
4446
4448
4449
4454
4456
4462
4465
4466
4467
4471
4473
4478
4480
4482
4487
4489
4492
4493
4494
4495
4498
4499
4505
4507
4513
4517
4518
4520
4522
4524
4525
4529
4530
4531
4532
4539
4540
4542
4543
4545
4548
4549
4557
4559
4560
4565
4570
4574
4577
4583
4586
4589
4591
4593
4597
4600
4602
4605
4610
4613
4614
4615
4620
4622
4623
4626
4630
4633
4634
4635
4637
4640
4642
4648
4649
4653
4656
4658
4669
4670
4671
4672
4674
4679
4686
4688
4689
4690
4692
4696
4697
4698
4701
4703
4709
4713
4714
4715
4716
4719
4724
4725
4728
4730
4732
4736
4737
4739
4746
4747
4755
4758
4759
4766
4767
4772
4773
4775
4778
4779
4781
4782
4783
4784
4787
4789
4792
4799
4800
4802
4804
4805
4806
4809
4812
4814
4817
4819
4820
4826
4829
4831
4834
4836
4838
4839
4841
4842
4845
4848
4849
4850
4852
4853
4854
4855
4856
4857
4859
4863
4866
4868
4869
4872
4873
4875
4877
4880
4881
4883
4888
4891
4892
4893
4894
4899
4901
4904
4908
4914
4916
4918
4919
4921
4922
4926
4928
4932
4937
4938
4939
4942
4943
4944
4948
4950
4951
4952
4955
4958
4959
4964
4965
4968
4973
4978
4979
4980
4988
4990
4994
4997
4998
4999
5000
5002
5003
5007
5008
5009
5010
5013
5014
5016
5021
5024
5026
5027
5032
5033
5034
5035
5037
5038
5040
5041
5042
5051
5054
5055
5057
5058
5060
5062
5064
5068
5069
5070
5071
5073
5074
5076
5081
5082
5083
5089
5090
5092
5093
5094
5095
5097
5107
5109
5111
5114
5118
5123
5124
5126
5128
5129
5130
5131
5132
5133
5137
5139
5140
5141
5142
5143
5146
5148
5151
5152
5154
5157
5160
5162
5165
5167
5175
5176
5178
5181
5184
5185
5187
5189
5190
5191
5193
5199
5201
5205
5207
5211
5213
5214
5215
5217
5218
5220
5221
5223
5224
5225
5226
5227
5228
5229
5230
5234
5235
5236
5237
5239
5240
5242
5244
5245
5247
5248
5250
5258
5259
5260
5262
5264
5265
5266
5267
5268
5271
5276
5279
5280
5281
5287
5289
5294
5295
5297
5300
5307
5308
5311
5315
5316
5318
5319
5322
5325
5328
5332
5340
5343
5346
5347
5356
5358
5362
5363
5366
5369
5374
5375
5377
5379
5385
5390
5392
5396
5397
5399
5402
5403
5404
5406
5409
5411
5413
5417
5418
5420
5421
5422
5423
5426
5427
5429
5430
5432
5435
5436
5437
5441
5442
5445
5446
5447
5448
5449
5453
5456
5460
5463
5467
5468
5469
5471
5472
5477
5479
5485
5487
5488
5489
5493
5494
5495
5498
5499
5501
5502
5503
5506
5508
5510
5513
5514
5522
5523
5524
5525
5526
5531
5534
5535
5539
5540
5542
5544
5545
5547
5550
5552
5555
5557
5560
5561
5567
5569
5571
5576
5582
5585
5589
5593
5595
5596
5599
5602
5603
5604
5606
5609
5610
5612
5617
5620
5627
5636
5637
5638
5640
5644
5645
5654
5655
5659
5661
5662
5663
5664
5666
5667
5669
5671
5674
5678
5680
5686
5691
5692
5697
5699
5700
5702
5703
5705
5715
5717
5718
5719
5722
5723
5728
5730
5731
5733
5734
5737
5739
5742
5744
5745
5747
5749
5751
5753
5754
5756
5758
5764
5765
5766
5771
5773
5779
5780
5781
5788
5790
5791
5796
5798
5799
5801
5802
5803
5805
5807
5810
5812
5814
5817
5818
5819
5820
5828
5830
5831
5832
5838
5839
5840
5844
5847
5848
5850
5853
5854
5855
5858
5859
5861
5864
5866
5867
5870
5874
5875
5876
5879
5880
5881
5882
5883
5886
5887
5890
5892
5894
5899
5902
5904
5906
5907
5909
5913
5916
5918
5921
5923
5932
5933
5936
5937
5938
5940
5941
5943
5944
5945
5946
5949
5950
5951
5958
5960
5961
5971
5973
5975
5976
5978
5980
5997
5998
6002
6003
6004
6008
6010
6012
6013
6014
6019
6023
6025
6026
6027
6028
6031
6034
6036
6037
6041
6042
6045
6046
6049
6051
6052
6057
6058
6059
6060
6061
6067
6068
6070
6071
6072
6076
6079
6080
6082
6083
6089
6090
6091
6096
6097
6098
6103
6105
6106
6113
6114
6115
6116
6117
6118
6120
6122
6127
6128
6131
6132
6133
6136
6139
6140
6143
6144
6148
6149
6155
6157
6161
6162
6163
6164
6166
6168
6173
6177
6180
6182
6183
6184
6185
6190
6193
6197
6198
6200
6203
6204
6205
6208
6211
6216
6217
6218
6220
6223
6225
6228
6229
6231
6234
6238
6241
6242
6244
6247
6248
6249
6253
6254
6261
6265
6268
6270
6271
6272
6278
6279
6281
6286
6287
6289
6291
6292
6295
6296
6297
6299
6301
6302
6304
6305
6309
6311
6312
6314
6316
6317
6321
6322
6324
6327
6328
6329
6335
6336
6337
6338
6339
6340
6342
6343
6344
6346
6348
6349
6350
6351
6354
6355
6357
6358
6359
6361
6362
6364
6365
6367
6369
6370
6371
6372
6376
6381
6382
6383
6387
6391
6393
6395
6396
6397
6401
6402
6407
6410
6413
6416
6417
6420
6421
6423
6424
6428
6429
6435
6436
6437
6440
6446
6450
6454
6457
6458
6462
6463
6464
6465
6466
6467
6468
6470
6471
6474
6477
6478
6479
6481
6482
6484
6485
6492
6495
6500
6502
6504
6507
6508
6509
6511
6513
6515
6516
6517
6523
6526
6529
6530
6532
6535
6538
6539
6540
6543
6544
6546
6552
6554
6559
6564
6567
6568
6572
6577
6579
6580
6581
6584
6585
6587
6588
6589
6594
6596
6599
6600
6601
6602
6610
6612
6614
6615
6617
6621
6626
6630
6631
6633
6635
6638
6642
6647
6650
6652
6653
6654
6655
6659
6661
6663
6664
6670
6672
6675
6677
6681
6683
6685
6686
6687
6691
6692
6694
6695
6696
6698
6701
6704
6706
6712
6713
6716
6719
6721
6723
6726
6727
6732
6734
6741
6748
6750
6757
6759
6760
6761
6767
6774
6776
6777
6778
6780
6781
6785
6786
6788
6789
6790
6791
6795
6796
6798
6799
6807
6809
6811
6814
6815
6816
6825
6832
6834
6835
6836
6839
6840
6844
6845
6853
6854
6858
6859
6861
6862
6864
6868
6869
6877
6889
6894
6897
6898
6899
6902
6904
6906
6907
6909
6910
6913
6914
6916
6917
6918
6925
6926
6927
6930
6931
6933
6934
6936
6938
6939
6940
6942
6949
6953
6955
6956
6960
6962
6964
6965
6967
6972
6973
6974
6975
6977
6981
6983
6984
6985
6986
6988
6989
6990
6996
6998
7003
7004
7009
7017
7023
7024
7029
7031
7034
7035
7036
7037
7038
7039
7043
7046
7047
7048
7056
7057
7059
7061
7062
7064
7067
7070
7072
7073
7074
7079
7085
7087
7088
7090
7091
7096
7097
7099
7103
7110
7115
7116
7117
7119
7123
7125
7126
7130
7132
7134
7140
7142
7144
7145
7146
7147
7151
7156
7157
7159
7161
7162
7168
7169
7173
7174
7175
7176
7178
7185
7187
7190
7193
7194
7206
7211
7212
7215
7216
7217
7222
7225
7226
7227
7228
7230
7232
7233
7234
7238
7239
7242
7244
7247
7251
7255
7258
7261
7268
7270
7274
7275
7277
7279
7280
7285
7292
7293
7296
7298
7299
7301
7304
7305
7308
7312
7313
7314
7316
7319
7320
7321
7322
7323
7332
7335
7336
7338
7339
7340
7341
7342
7346
7347
7348
7349
7351
7355
7356
7359
7360
7362
7364
7365
7366
7369
7373
7378
7379
7381
7382
7383
7384
7387
7391
7392
7395
7396
7400
7402
7404
7406
7410
7413
7414
7416
7417
7419
7420
7421
7423
7424
7425
7426
7427
7428
7430
7435
7449
7453
7454
7455
7457
7460
7461
7464
7467
7468
7469
7470
7473
7475
7476
7477
7479
7481
7482
7483
7489
7493
7495
7496
7498
7499
7501
7503
7504
7507
7508
7509
7510
7512
7514
7516
7518
7519
7520
7521
7522
7523
7524
7527
7528
7529
7530
7533
7534
7543
7545
7550
7551
7552
7555
7558
7561
7562
7565
7567
7568
7571
7573
7576
7577
7578
7579
7581
7582
7588
7590
7591
7593
7595
7596
7597
7601
7603
7604
7605
7606
7609
7611
7614
7615
7616
7620
7622
7624
7627
7629
7632
7634
7636
7638
7643
7644
7646
7649
7650
7652
7654
7655
7656
7657
7659
7663
7668
7671
7676
7679
7681
7682
7686
7688
7689
7691
7703
7708
7711
7713
7717
7721
7722
7723
7725
7727
7728
7729
7730
7732
7738
7741
7746
7748
7749
7752
7754
7755
7758
7763
7764
7765
7774
7782
7790
7791
7792
7793
7796
7798
7802
7803
7804
7805
7806
7808
7812
7813
7819
7821
7823
7828
7831
7834
7836
7837
7838
7839
7843
7846
7849
7853
7854
7855
7857
7859
7861
7863
7865
7866
7869
7874
7875
7879
7881
7888
7889
7891
7893
7897
7898
7901
7903
7904
7907
7908
7910
7911
7914
7915
7921
7928
7929
7930
7932
7933
7940
7942
7944
7948
7952
7953
7955
7956
7957
7959
7960
7963
7964
7969
7971
7972
7975
7976
7980
7982
7984
7991
7992
7994
7998
8001
8002
8006
8012
8013
8014
8015
8019
8021
8022
8029
8030
8031
8034
8036
8038
8039
8044
8045
8048
8049
8050
8051
8052
8056
8057
8059
8062
8063
8064
8066
8067
8069
8072
8073
8075
8086
8087
8089
8094
8095
8096
8101
8107
8109
8111
8115
8118
8120
8121
8128
8130
8133
8135
8137
8139
8141
8142
8144
8147
8155
8156
8157
8164
8166
8167
8170
8171
8172
8173
8175
8177
8182
8183
8184
8185
8187
8188
8190
8195
8196
8201
8208
8209
8211
8214
8215
8218
8219
8221
8225
8230
8233
8236
8237
8238
8244
8245
8252
8254
8255
8256
8258
8259
8263
8264
8265
8267
8268
8269
8272
8273
8276
8277
8280
8283
8284
8285
8286
8288
8291
8292
8293
8297
8298
8299
8300
8301
8303
8304
8305
8311
8314
8316
8317
8319
8321
8324
8327
8329
8331
8333
8334
8339
8342
8343
8344
8345
8347
8348
8349
8353
8354
8357
8358
8359
8360
8362
8364
8365
8366
8367
8368
8369
8372
8373
8374
8376
8381
8392
8394
8395
8396
8397
8398
8399
8400
8407
8408
8409
8411
8412
8415
8416
8420
8424
8426
8427
8428
8429
8433
8434
8435
8436
8438
8439
8441
8443
8444
8448
8449
8450
8451
8452
8454
8457
8459
8461
8463
8466
8467
8473
8474
8479
8480
8483
8486
8488
8489
8496
8499
8501
8502
8504
8507
8508
8510
8511
8512
8513
8514
8515
8516
8518
8519
8520
8523
8526
8527
8528
8531
8532
8538
8541
8549
8550
8554
8556
8558
8560
8561
8562
8564
8565
8569
8571
8572
8573
8575
8578
8583
8584
8588
8589
8590
8591
8594
8595
8596
8597
8598
8599
8600
8601
8603
8604
8608
8610
8612
8614
8616
8617
8618
8620
8621
8625
8630
8631
8632
8633
8634
8638
8640
8641
8642
8645
8649
8650
8651
8653
8654
8660
8663
8666
8668
8669
8673
8674
8675
8676
8678
8679
8680
8685
8686
8687
8695
8699
8700
8704
8705
8706
8711
8712
8715
8716
8719
8720
8725
8731
8734
8736
8738
8740
8742
8746
8749
8755
8757
8759
8761
8767
8768
8769
8773
8774
8776
8777
8779
8780
8781
8782
8787
8788
8791
8792
8793
8796
8799
8800
8801
8805
8806
8810
8811
8815
8817
8820
8824
8827
8828
8829
8837
8840
8846
8848
8849
8850
8855
8856
8857
8858
8859
8860
8861
8863
8865
8867
8868
8871
8876
8877
8883
8884
8885
8886
8888
8892
8893
8894
8895
8896
8897
8899
8900
8902
8903
8908
8913
8915
8918
8923
8924
8926
8927
8932
8933
8934
8936
8938
8939
8941
8942
8943
8944
8945
8946
8950
8954
8957
8958
8959
8960
8961
8963
8964
8965
8966
8968
8970
8975
8977
8980
8982
8985
8986
8992
8994
8996
8999
9002
9006
9009
9010
9012
9015
9020
9022
9023
9027
9028
9029
9033
9034
9038
9041
9043
9046
9052
9055
9060
9066
9067
9068
9072
9074
9077
9078
9084
9087
9088
9092
9093
9094
9096
9097
9098
9099
9106
9108
9110
9112
9117
9118
9119
9120
9129
9130
9131
9138
9147
9148
9151
9155
9156
9158
9159
9160
9167
9169
9170
9171
9173
9177
9182
9183
9184
9185
9186
9187
9188
9189
9190
9192
9193
9194
9196
9198
9199
9200
9201
9202
9204
9205
9206
9208
9210
9212
9213
9216
9217
9218
9224
9227
9229
9231
9232
9235
9237
9239
9241
9243
9245
9246
9248
9251
9256
9258
9259
9260
9261
9267
9271
9273
9274
9279
9285
9287
9290
9292
9295
9297
9298
9299
9300
9301
9303
9304
9307
9312
9313
9317
9318
9320
9322
9324
9325
9327
9328
9330
9331
9333
9334
9335
9338
9339
9341
9343
9345
9347
9349
9350
9352
9353
9355
9360
9362
9369
9371
9374
9375
9377
9378
9383
9385
9386
9390
9391
9394
9395
9396
9397
9399
9402
9403
9404
9405
9406
9407
9409
9412
9417
9418
9421
9426
9427
9430
9435
9436
9439
9441
9442
9443
9446
9449
9450
9451
9455
9457
9459
9461
9462
9463
9464
9466
9468
9469
9470
9474
9477
9482
9483
9487
9488
9490
9496
9499
9504
9505
9508
9510
9512
9513
9515
9518
9519
9520
9521
9525
9533
9538
9540
9542
9544
9545
9546
9547
9548
9555
9559
9560
9562
9564
9566
9568
9569
9570
9572
9574
9576
9577
9580
9586
9587
9589
9590
9593
9596
9600
9601
9603
9608
9612
9613
9615
9616
9617
9619
9620
9622
9626
9627
9628
9631
9632
9633
9635
9640
9641
9650
9651
9652
9654
9656
9657
9659
9660
9661
9662
9666
9668
9671
9673
9676
9677
9681
9684
9686
9688
9689
9693
9694
9697
9698
9700
9701
9704
9707
9712
9713
9714
9715
9716
9720
9721
9726
9727
9728
9730
9731
9734
9735
9736
9737
9740
9743
9748
9749
9751
9758
9760
9761
9764
9765
9767
9768
9769
9770
9771
9772
9777
9780
9781
9782
9785
9787
9788
9790
9791
9792
9794
9795
9796
9798
9799
9802
9804
9805
9807
9810
9813
9814
9815
9816
9818
9822
9824
9830
9833
9839
9842
9845
9847
9848
9850
9851
9854
9862
9863
9865
9867
9869
9870
9871
9873
9874
9877
9878
9881
9883
9886
9890
9892
9893
9895
9896
9899
9900
9902
9903
9905
9906
9909
9912
9914
9915
9916
9917
9919
9921
9925
9926
9927
9928
9930
9932
9939
9940
9942
9945
9948
9949
9953
9957
9959
9960
9963
9964
9965
9967
9970
9971
9972
9974
9977
9981
9982
9986
9994
9995
9999
10002
10004
10006
10007
10011
10012
10014
10017
10019
10020
10022
10023
10024
10026
10027
10032
10034
10038
10044
10047
10049
10053
10055
10058
10061
10063
10064
10065
10066
10068
10069
10073
10078
10080
10082
10083
10084
10086
10087
10090
10095
10096
10101
10102
10103
10104
10108
10109
10111
10112
10114
10118
10121
10122
10124
10125
10126
10127
10128
10129
10133
10137
10138
10142
10152
10153
10154
10155
10156
10167
10169
10171
10172
10174
10175
10179
10181
10185
10187
10190
10191
10193
10194
10204
10206
10207
10208
10213
10215
10219
10222
10227
10230
10231
10233
10234
10235
10240
10243
10244
10249
10250
10253
10258
10259
10264
10267
10268
10271
10273
10277
10282
10283
10288
10290
10292
10293
10295
10297
10298
10301
10306
10313
10318
10319
10320
10323
10325
10326
10327
10329
10334
10337
10339
10340
10341
10345
10346
10347
10351
10354
10355
10365
10368
10370
10372
10374
10379
10380
10381
10382
10383
10384
10386
10387
10388
10392
10393
10395
10397
10399
10403
10404
10406
10407
10414
10415
10416
10418
10419
10430
10433
10434
10439
10442
10444
10446
10449
10451
10452
10455
10456
10457
10461
10462
10463
10465
10470
10474
10475
10476
10478
10482
10488
10490
10491
10495
10498
10499
10500
10501
10502
10503
10505
10506
10510
10512
10514
10515
10516
10518
10520
10522
10523
10526
10527
10528
10529
10531
10532
10538
10541
10542
10543
10546
10552
10553
10557
10558
10562
10567
10569
10573
10574
10575
10578
10581
10582
10584
10585
10586
10590
10591
10592
10593
10594
10595
10596
10598
10600
10601
10603
10604
10605
10606
10608
10617
10618
10621
10622
10625
10628
10629
10631
10633
10634
10637
10638
10644
10645
10647
10649
10656
10658
10659
10662
10669
10672
10675
10676
10677
10678
10679
10680
10684
10693
10698
10699
10703
10706
10707
10708
10709
10714
10715
10716
10718
10720
10723
10727
10729
10730
10731
10732
10735
10736
10737
10740
10741
10742
10746
10747
10749
10751
10754
10757
10760
10762
10763
10766
10768
10770
10772
10773
10776
10778
10781
10782
10784
10790
10792
10794
10796
10799
10802
10804
10805
10806
10807
10808
10810
10813
10814
10816
10817
10822
10823
10824
10825
10827
10832
10834
10836
10840
10842
10845
10846
10847
10848
10851
10852
10858
10861
10862
10865
10867
10868
10872
10873
10875
10876
10878
10879
10880
10883
10885
10891
10893
10898
10900
10903
10904
10905
10906
10907
10908
10909
10910
10916
10917
10918
10920
10922
10928
10930
10932
10934
10935
10936
10937
10939
10942
10943
10944
10947
10948
10949
10951
10952
10953
10955
10956
10957
10961
10963
10967
10968
10969
10970
10971
10972
10974
10977
10978
10979
10981
10982
10985
10986
10994
10995
10996
10997
10999
11000
11004
11006
11007
11008
11009
11010
11011
11012
11015
11020
11028
11029
11034
11035
11038
11043
11044
11048
11049
11050
11053
11056
11057
11059
11060
11063
11066
11067
11078
11079
11080
11081
11088
11089
11093
11096
11097
11106
11109
11111
11112
11115
11119
11120
11122
11123
11124
11127
11128
11129
11131
11133
11138
11141
11143
11146
11147
11149
11152
11153
11155
11161
11163
11164
11165
11166
11167
11170
11173
11174
11177
11178
11180
11183
11185
11186
11188
11189
11192
11193
11194
11195
11196
11197
11198
11200
11201
11203
11205
11216
11217
11222
11223
11225
11226
11227
11228
11230
11232
11235
11236
11237
11242
11243
11246
11247
11250
11251
11254
11255
11257
11258
11265
11267
11268
11270
11273
11275
11276
11277
11281
11286
11287
11288
11289
11290
11291
11295
11297
11300
11301
11303
11304
11305
11307
11309
11310
11312
11315
11316
11323
11326
11329
11335
11336
11337
11340
11341
11344
11345
11348
11351
11353
11357
11362
11363
11365
11368
11369
11370
11372
11377
11380
11382
11384
11385
11395
11396
11398
11400
11405
11410
11413
11416
11421
11422
11423
11427
11433
11435
11441
11443
11444
11447
11450
11455
11458
11466
11468
11471
11473
11476
11477
11480
11482
11485
11488
11489
11490
11492
11496
11497
11501
11503
11505
11507
11508
11511
11513
11514
11515
11517
11518
11519
11523
11525
11529
11530
11536
11540
11541
11543
11544
11545
11546
11549
11550
11552
11553
11557
11562
11568
11570
11571
11572
11573
11574
11576
11577
11578
11580
11583
11584
11586
11588
11589
11590
11593
11598
11601
11603
11609
11612
11613
11617
11619
11620
11621
11626
11629
11633
11634
11642
11644
11647
11650
11653
11657
11659
11661
11663
11665
11666
11667
11668
11675
11680
11681
11683
11687
11688
11689
11690
11691
11692
11693
11695
11700
11703
11712
11715
11722
11725
11727
11731
11739
11741
11743
11745
11746
11748
11759
11763
11764
11765
11769
11771
11774
11775
11776
11777
11780
11782
11784
11790
11791
11792
11793
11796
11797
11799
11800
11801
11804
11806
11807
11812
11814
11815
11816
11818
11819
11820
11822
11823
11825
11826
11827
11831
11832
11837
11839
11840
11843
11845
11846
11847
11850
11851
11852
11854
11855
11857
11864
11867
11868
11870
11872
11873
11875
11876
11877
11878
11879
11880
11883
11884
11888
11891
11892
11899
11902
11909
11910
11911
11912
11914
11915
11916
11917
11919
11924
11925
11928
11931
11932
11933
11935
11936
11937
11941
11942
11944
11948
11949
11950
11954
11957
11958
11959
11962
11964
11965
11967
11969
11971
11977
11978
11980
11987
11988
11989
11992
11993
11997
12000
12003
12004
12005
12008
12009
12013
12014
12016
12021
12022
12025
12028
12030
12036
12037
12038
12039
12042
12044
12049
12050
12053
12054
12055
12056
12059
12064
12065
12068
12075
12079
12082
12083
12084
12085
12086
12087
12089
12091
12092
12093
12094
12100
12103
12109
12111
12112
12114
12116
12117
12119
12121
12122
12123
12124
12125
12127
12128
12132
12133
12134
12136
12138
12139
12140
12141
12142
12143
12146
12149
12151
12152
12154
12158
12159
12161
12166
12172
12174
12176
12181
12188
12191
12192
12193
12196
12197
12198
12203
12204
12205
12207
12209
12211
12212
12215
12216
12217
12221
12222
12224
12225
12226
12227
12229
12235
12236
12238
12239
12245
12246
12247
12249
12251
12255
12258
12260
12261
12264
12267
12268
12270
12271
12272
12273
12274
12276
12277
12279
12280
12282
12284
12287
12291
12292
12294
12299
12304
12309
12310
12314
12317
12318
12321
12324
12325
12330
12331
12333
12336
12338
12339
12341
12343
12350
12351
12352
12354
12357
12358
12362
12363
12366
12372
12378
12381
12382
12383
12385
12386
12391
12392
12393
12394
12395
12398
12399
12400
12401
12409
12416
12417
12423
12427
12429
12435
12436
12437
12438
12440
12441
12445
12447
12450
12453
12456
12458
12461
12462
12463
12465
12466
12469
12470
12472
12474
12475
12484
12485
12486
12487
12488
12490
12491
12492
12493
12494
12495
12496
12498
12502
12505
12508
12511
12513
12514
12518
12519
12520
12522
12527
12528
12530
12532
12533
12534
12535
12539
12540
12547
12550
12552
12554
12555
12559
12565
12567
12569
12570
12574
12575
12577
12582
12583
12587
12589
12590
12596
12599
12600
12605
12606
12607
12608
12609
12614
12617
12618
12621
12622
12623
12628
12629
12630
12632
12633
12636
12637
12640
12642
12645
12649
12652
12655
12666
12667
12669
12672
12673
12674
12683
12684
12687
12688
12689
12694
12695
12696
12697
12699
12701
12703
12709
12710
12711
12713
12714
12715
12716
12719
12720
12722
12723
12724
12728
12729
12730
12732
12735
12736
12739
12741
12745
12747
12749
12753
12754
12757
12758
12759
12760
12761
12762
12764
12766
12771
12775
12776
12778
12780
12783
12784
12803
12805
12806
12810
12814
12816
12817
12819
12821
12828
12831
12832
12833
12840
12841
12843
12845
12853
12859
12862
12864
12871
12873
12875
12876
12879
12880
12884
12886
12887
12891
12892
12893
12895
12896
12897
12899
12900
12901
12903
12909
12910
12911
12913
12914
12916
12917
12919
12920
12922
12923
12924
12925
12927
12928
12930
12933
12936
12937
12940
12941
12943
12944
12945
12947
12948
12950
12956
12960
12962
12965
12968
12970
12971
12972
12977
12981
12982
12983
12985
12986
12988
12990
12991
12995
12999
13000
13005
13007
13011
13012
13013
13023
13025
13026
13028
13029
13033
13034
13037
13039
13043
13044
13047
13050
13053
13054
13056
13059
13060
13061
13062
13063
13066
13068
13069
13070
13071
13072
13074
13075
13077
13079
13084
13085
13089
13092
13097
13101
13102
13103
13105
13106
13108
13109
13111
13113
13115
13116
13117
13118
13119
13123
13125
13126
13128
13133
13137
13139
13142
13144
13145
13147
13148
13149
13150
13151
13152
13156
13157
13159
13161
13164
13165
13166
13167
13170
13171
13172
13175
13176
13178
13181
13183
13184
13185
13186
13187
13191
13192
13194
13204
13209
13211
13212
13216
13220
13225
13227
13229
13230
13231
13232
13242
13247
13248
13249
13250
13251
13254
13255
13257
13260
13261
13262
13266
13267
13268
13269
13271
13272
13273
13274
13276
13277
13279
13280
13281
13283
13284
13286
13287
13288
13291
13292
13293
13294
13300
13301
13302
13303
13304
13305
13307
13310
13313
13317
13318
13323
13328
13329
13330
13333
13339
13346
13350
13351
13352
13353
13354
13356
13358
13360
13361
13363
13365
13366
13368
13369
13370
13371
13374
13375
13376
13377
13380
13381
13384
13385
13386
13388
13389
13401
13402
13404
13405
13408
13409
13410
13411
13413
13415
13419
13420
13421
13423
13425
13426
13428
13431
13440
13441
13442
13444
13445
13454
13455
13456
13457
13462
13464
13466
13478
13480
13481
13482
13485
13487
13494
13495
13499
13500
13504
13506
13516
13517
13518
13521
13523
13527
13528
13533
13539
13540
13541
13543
13544
13545
13550
13553
13554
13555
13556
13559
13560
13561
13562
13566
13569
13573
13574
13576
13577
13579
13580
13581
13583
13584
13585
13589
13590
13592
13595
13598
13601
13602
13603
13605
13609
13610
13611
13612
13614
13615
13617
13619
13624
13625
13626
13629
13630
13631
13634
13635
13638
13643
13644
13648
13649
13653
13658
13662
13663
13664
13665
13667
13669
13670
13672
13675
13678
13680
13686
13687
13691
13697
13699
13701
13703
13705
13708
13714
13715
13717
13718
13721
13722
13728
13729
13730
13731
13734
13735
13736
13738
13740
13742
13744
13747
13748
13752
13753
13757
13764
13765
13767
13768
13772
13773
13775
13780
13783
13784
13787
13788
13790
13791
13795
13797
13798
13800
13807
13809
13810
13815
13817
13818
13820
13822
13824
13827
13829
13830
13831
13832
13836
13839
13840
13842
13843
13845
13846
13847
13850
13851
13852
13854
13859
13862
13863
13864
13868
13871
13874
13877
13880
13882
13883
13884
13887
13888
13892
13893
13894
13899
13900
13903
13908
13910
13912
13913
13914
13917
13920
13922
13924
13927
13928
13930
13931
13932
13935
13937
13939
13942
13946
13948
13956
13957
13959
13963
13965
13968
13971
13973
13974
13975
13976
13977
13978
13980
13982
13985
13988
13989
13991
13992
13993
13995
13996
13998
13999
14000
14004
14006
14010
14011
14012
14013
14017
14019
14020
14022
14027
14029
14032
14035
14036
14038
14039
14040
14041
14047
14048
14050
14051
14052
14053
14054
14055
14056
14057
14058
14059
14064
14065
14066
14068
14074
14076
14077
14078
14082
14083
14084
14086
14087
14089
14090
14091
14093
14094
14098
14099
14101
14103
14104
14106
14108
14111
14113
14115
14116
14117
14119
14120
14126
14128
14129
14133
14135
14137
14138
14139
14141
14142
14143
14144
14146
14149
14152
14154
14157
14158
14159
14162
14165
14174
14179
14181
14184
14185
14186
14188
14190
14191
14192
14193
14196
14201
14204
14205
14209
14210
14211
14212
14214
14221
14223
14224
14225
14226
14228
14229
14230
14234
14235
14236
14241
14242
14249
14250
14251
14252
14255
14258
14259
14267
14269
14271
14274
14278
14283
14289
14290
14291
14294
14299
14300
14302
14303
14304
14305
14306
14307
14309
14313
14316
14318
14319
14320
14321
14322
14323
14324
14335
14336
14337
14338
14341
14344
14345
14346
14348
14349
14350
14360
14363
14367
14368
14370
14371
14374
14375
14376
14381
14382
14383
14384
14387
14391
14392
14397
14405
14406
14407
14411
14413
14414
14415
14416
14420
14426
14427
14433
14434
14436
14439
14441
14443
14444
14445
14446
14447
14450
14451
14452
14453
14454
14456
14459
14469
14470
14471
14476
14478
14479
14480
14481
14483
14484
14487
14493
14498
14506
14508
14510
14512
14513
14515
14517
14518
14519
14520
14521
14524
14535
14536
14539
14540
14542
14543
14544
14545
14546
14548
14556
14561
14562
14567
14568
14569
14574
14580
14581
14584
14585
14587
14588
14589
14590
14591
14592
14595
14596
14597
14598
14604
14605
14606
14607
14609
14610
14614
14615
14624
14626
14630
14632
14636
14640
14642
14643
14645
14646
14647
14648
14649
14652
14660
14662
14666
14671
14672
14673
14675
14678
14683
14686
14688
14690
14691
14692
14693
14701
14703
14704
14707
14708
14711
14712
14713
14714
14715
14717
14718
14719
14720
14727
14733
14734
14735
14736
14738
14739
14741
14742
14743
14745
14748
14749
14750
14754
14755
14756
14759
14760
14762
14763
14764
14768
14770
14771
14772
14775
14783
14785
14789
14790
14792
14800
14801
14802
14803
14805
14809
14813
14814
14815
14817
14818
14819
14822
14826
14828
14830
14832
14835
14836
14838
14840
14841
14842
14848
14850
14854
14855
14856
14858
14859
14864
14865
14869
14873
14876
14878
14884
14885
14890
14891
14893
14894
14895
14896
14897
14898
14899
14901
14902
14905
14907
14914
14917
14918
14919
14920
14921
14924
14928
14929
14930
14932
14935
14938
14939
14940
14944
14948
14950
14952
14953
14957
14958
14962
14968
14969
14970
14977
14978
14979
14980
14982
14984
14987
14988
14989
14990
14991
14995
14999
15000
15001
15004
15005
15009
15011
15012
15013
15014
15015
15018
15019
15021
15022
15024
15025
15028
15029
15031
15032
15033
15036
15037
15039
15040
15041
15042
15043
15044
15046
15048
15049
15051
15053
15054
15055
15058
15060
15061
15064
15065
15068
15070
15072
15073
15076
15077
15079
15080
15082
15083
15085
15086
15087
15089
15090
15093
15097
15098
15099
15101
15103
15105
15108
15109
15112
15116
15119
15120
15121
15123
15125
15126
15127
15129
15133
15135
15137
15138
15140
15142
15143
15145
15148
15149
15151
15154
15155
15156
15157
15160
15162
15164
15165
15173
15176
15178
15179
15182
15184
15185
15187
15190
15191
15199
15206
15208
15210
15212
15213
15214
15215
15217
15219
15222
15224
15225
15227
15228
15229
15233
15236
15238
15240
15245
15246
15250
15255
15261
15262
15263
15264
15267
15268
15278
15282
15283
15286
15288
15289
15291
15294
15295
15297
15298
15302
15305
15307
15308
15310
15312
15314
15319
15320
15325
15326
15331
15332
15334
15337
15338
15339
15341
15344
15346
15348
15353
15354
15362
15365
15366
15367
15370
15371
15372
15377
15379
15380
15381
15383
15384
15386
15387
15391
15392
15393
15394
15395
15398
15402
15405
15408
15409
15410
15412
15415
15417
15420
15423
15424
15426
15432
15435
15436
15438
15439
15441
15442
15446
15448
15449
15452
15453
15454
15455
15457
15459
15463
15464
15465
15471
15475
15476
15480
15481
15482
15488
15489
15491
15492
15493
15495
15496
15499
15503
15504
15505
15509
15510
15511
15513
15516
15521
15522
15524
15528
15532
15533
15535
15538
15539
15541
15544
15546
15548
15555
15557
15558
15559
15560
15561
15564
15566
15569
15571
15579
15580
15581
15582
15584
15585
15587
15588
15590
15594
15595
15597
15600
15601
15602
15606
15610
15611
15612
15616
15617
15618
15622
15625
15629
15633
15640
15641
15642
15645
15647
15648
15649
15650
15651
15658
15659
15661
15666
15674
15681
15684
15687
15689
15690
15692
15694
15696
15700
15702
15704
15705
15708
15709
15713
15714
15719
15725
15728
15729
15730
15732
15735
15736
15737
15741
15742
15748
15749
15753
15755
15756
15757
15758
15760
15762
15763
15766
15769
15770
15771
15775
15776
15779
15785
15789
15791
15792
15795
15799
15802
15806
15807
15808
15809
15813
15815
15824
15825
15833
15834
15836
15840
15841
15847
15849
15852
15867
15871
15873
15874
15884
15889
15891
15896
15899
15900
15906
15909
15910
15912
15914
15915
15917
15918
15919
15923
15926
15928
15931
15937
15939
15942
15948
15949
15951
15955
15956
15964
15965
15969
15970
15971
15973
15978
15979
15980
15985
15986
15989
15996
15997
15999
16000
16008
16009
16015
16016
16020
16021
16023
16027
16028
16029
16030
16032
16036
16037
16040
16041
16044
16046
16047
16050
16052
16055
16057
16058
16060
16061
16064
16065
16066
16068
16069
16073
16074
16075
16076
16078
16079
16081
16082
16083
16087
16088
16089
16090
16099
16100
16101
16103
16104
16108
16110
16113
16118
16119
16120
16121
16124
16127
16128
16130
16134
16138
16139
16140
16142
16144
16147
16148
16149
16150
16152
16153
16154
16155
16156
16157
16158
16159
16161
16162
16163
16164
16165
16171
16172
16174
16175
16180
16181
16182
16184
16185
16188
16190
16191
16195
16196
16198
16200
16201
16205
16206
16209
16215
16220
16221
16224
16225
16226
16229
16231
16233
16236
16237
16240
16242
16243
16244
16245
16250
16252
16254
16255
16258
16261
16265
16269
16270
16271
16272
16278
16279
16280
